1 1
1 2
1 4
1 5
1 6
1 8
1 9
1 11
1 12
1 14
1 15
1 16
1 18
1 19
1 20
1 22
1 23
1 24
1 26
1 27
1 28
1 30
1 31
1 32
1 33
1 35
2 36
2 37
2 38
2 39
2 40
2 42
2 43
2 44
2 45
2 46
2 47
2 48
2 49
2 50
2 51
2 52
2 53
2 54
2 55
2 56
2 57
2 58
2 59
3 60
3 61
3 62
3 63
3 64
3 65
3 66
3 67
3 67
3 68
3 69
3 70
3 71
3 72
3 72
3 73
3 74
3 75
3 75
3 76
3 77
4 78
4 78
4 79
4 80
4 80
4 81
4 82
4 82
4 83
4 84
4 84
4 85
4 86
4 86
4 87
4 87
4 88
4 88
4 89
5 89
5 90
5 91
5 91
5 92
5 92
5 93
5 93
5 93
5 94
5 94
5 95
5 95
5 96
5 96
5 97
6 97
6 97
6 98
6 98
6 98
6 99
6 99
6 100
6 100
6 100
6 101
6 101
6 101
6 101
6 102
7 102
7 102
7 103
7 103
7 103
7 103
7 104
7 104
7 104
7 104
7 105
7 105
7 105
8 105
8 105
8 106
8 106
8 106
8 106
8 106
8 106
8 107
8 107
8 107
8 107
9 107
9 107
9 107
9 107
9 108
9 108
9 108
9 108
9 108
9 108
9 108
10 108
10 108
10 108
10 108
10 108
10 108
10 108
10 109
10 109
11 109
11 109
11 109
11 109
11 109
11 109
11 109
11 109
11 109
12 109
12 109
12 109
12 109
12 109
12 109
12 109
12 108
13 108
13 108
13 108
13 108
13 108
13 108
13 108
14 108
14 108
14 108
14 108
14 108
14 108
14 108
15 108
15 107
15 107
15 107
15 107
15 107
16 107
16 107
16 107
16 107
16 107
16 106
16 106
17 106
17 106
17 106
17 106
17 106
18 106
18 106
18 105
18 105
18 105
18 105
19 105
19 105
19 105
19 105
19 104
20 104
20 104
20 104
20 104
20 104
21 104
21 103
21 103
21 103
21 103
22 103
22 103
22 103
22 102
23 102
23 102
23 102
23 102
23 102
24 101
24 101
24 101
24 101
25 101
25 101
25 101
25 100
26 100
26 100
26 100
26 100
27 100
27 99
27 99
27 99
28 99
28 99
28 99
29 99
29 98
29 98
29 98
30 98
30 98
30 98
31 97
31 97
31 97
31 97
32 97
32 97
32 97
33 96
33 96
33 96
34 96
34 96
34 96
34 96
35 95
35 95
35 95
36 95
36 95
36 95
37 95
37 95
37 94
38 94
38 94
38 94
39 94
39 94
39 94
40 93
40 93
41 93
41 93
41 93
42 93
42 93
42 93
43 93
43 92
44 92
44 92
44 92
45 92
45 92
45 92
46 92
46 92
47 92
47 91
47 91
48 91
48 91
49 91
49 91
49 91
50 91
50 91
51 91
51 91
52 91
52 90
52 90
53 90
53 90
54 90
54 90
55 90
55 90
56 90
56 90
56 90
57 90
57 90
58 90
58 90
59 90
59 90
60 90
60 90
61 89
61 89
62 89
62 89
63 89
63 89
64 89
64 89
65 89
65 89
66 89
66 89
67 89
67 89
68 89
68 89
69 89
69 89
70 89
70 89
71 89
71 89
72 89
72 89
73 89
73 89
74 89
74 89
75 89
75 89
76 89
77 89
77 89
78 90
78 90
79 90
79 90
80 90
80 90
81 90
82 90
82 90
83 90
83 90
84 90
84 90
85 90
86 90
86 90
87 90
87 90
88 91
88 91
89 91
90 91
90 91
91 91
91 91
92 91
93 91
93 91
94 91
95 91
95 92
96 92
96 92
97 92
98 92
98 92
99 92
99 92
100 92
101 92
101 93
102 93
103 93
103 93
104 93
105 93
105 93
106 93
106 94
107 94
108 94
108 94
109 94
110 94
110 94
111 95
112 95
112 95
113 95
114 95
114 95
115 95
116 96
116 96
117 96
118 96
118 96
119 96
120 97
120 97
121 97
122 97
122 97
123 97
124 98
125 98
125 98
126 98
127 98
127 98
128 99
129 99
129 99
130 99
131 99
131 99
132 100
133 100
134 100
134 100
135 100
136 101
136 101
137 101
138 101
139 101
139 102
140 102
141 102
141 102
142 102
143 103
144 103
144 103
145 103
146 103
146 104
147 104
148 104
149 104
149 104
150 105
151 105
151 105
152 105
153 105
154 106
154 106
155 106
156 106
157 106
157 107
158 107
159 107
160 107
160 108
161 108
162 108
162 108
163 108
164 109
165 109
165 109
166 109
167 109
168 110
168 110
169 110
170 110
171 111
171 111
172 111
173 111
174 111
174 112
175 112
176 112
177 112
177 112
178 113
179 113
179 113
180 113
181 114
182 114
182 114
183 114
184 114
185 115
185 115
186 115
187 115
188 116
188 116
189 116
190 116
191 116
191 117
192 117
193 117
194 117
194 117
195 118
196 118
196 118
197 118
198 118
199 119
199 119
200 119
201 119
202 119
202 120
203 120
204 120
205 120
205 120
206 121
207 121
207 121
208 121
209 121
210 122
210 122
211 122
212 122
213 122
213 123
214 123
215 123
215 123
216 123
217 124
218 124
218 124
219 124
220 124
221 124
221 125
222 125
223 125
223 125
224 125
225 126
226 126
226 126
227 126
228 126
228 126
229 127
230 127
230 127
231 127
232 127
233 127
233 127
234 128
235 128
235 128
236 128
237 128
237 128
238 128
239 129
239 129
240 129
241 129
242 129
242 129
243 129
244 130
244 130
245 130
246 130
246 130
247 130
248 130
248 130
249 131
250 131
250 131
251 131
252 131
252 131
253 131
254 131
254 131
255 132
256 132
256 132
257 132
257 132
258 132
259 132
259 132
260 132
261 132
261 132
262 133
263 133
263 133
264 133
264 133
265 133
266 133
266 133
267 133
268 133
268 133
269 133
269 133
270 133
271 133
271 134
272 134
273 134
273 134
274 134
274 134
275 134
276 134
276 134
277 134
277 134
278 134
278 134
279 134
280 134
280 134
281 134
281 134
282 134
283 134
283 134
284 134
284 134
285 134
285 134
286 134
287 134
287 134
288 134
288 134
289 134
289 134
290 134
290 134
291 134
292 134
292 134
293 134
293 134
294 134
294 134
295 134
295 134
296 134
296 134
297 134
297 134
298 134
298 134
299 134
299 134
300 134
300 133
301 133
302 133
302 133
303 133
303 133
304 133
304 133
305 133
305 133
306 133
306 133
306 133
307 133
307 133
308 133
308 133
309 132
309 132
310 132
310 132
311 132
311 132
312 132
312 132
313 132
313 132
314 132
314 131
315 131
315 131
315 131
316 131
316 131
317 131
317 131
318 131
318 131
319 131
319 130
319 130
320 130
320 130
321 130
321 130
322 130
322 130
322 130
323 129
323 129
324 129
324 129
325 129
325 129
325 129
326 129
326 128
327 128
327 128
327 128
328 128
328 128
329 128
329 128
329 128
330 127
330 127
331 127
331 127
331 127
332 127
332 127
332 127
333 126
333 126
334 126
334 126
334 126
335 126
335 126
335 126
336 125
336 125
337 125
337 125
337 125
338 125
338 125
338 125
339 124
339 124
339 124
340 124
340 124
340 124
341 124
341 124
341 123
342 123
342 123
343 123
343 123
343 123
344 123
344 123
344 123
345 122
345 122
345 122
346 122
346 122
346 122
347 122
347 122
347 122
348 122
348 121
348 121
348 121
349 121
349 121
349 121
350 121
350 121
350 121
351 121
351 121
351 121
352 121
352 121
352 120
353 120
353 120
353 120
353 120
354 120
354 120
354 120
355 120
355 120
355 120
356 120
356 120
356 120
357 120
357 120
357 120
357 120
358 120
358 120
358 120
359 120
359 120
359 120
360 120
360 120
360 120
360 120
361 120
361 120
361 120
362 120
362 120
362 120
362 120
363 120
363 121
363 121
364 121
364 121
364 121
364 121
365 121
365 121
365 121
366 121
366 122
366 122
366 122
367 122
367 122
367 122
368 122
368 123
368 123
369 123
369 123
369 123
369 124
370 124
370 124
370 124
371 125
371 125
371 125
371 125
372 126
372 126
372 126
373 126
373 127
373 127
373 127
374 128
374 128
374 128
375 129
375 129
375 129
375 130
376 130
376 130
376 131
377 131
377 132
377 132
378 133
378 133
378 133
378 134
379 134
379 135
379 135
380 136
380 136
380 137
381 137
381 138
381 139
382 139
382 140
382 140
382 141
383 142
383 142
383 143
384 143
384 144
384 145
385 145
385 146
385 147
386 148
386 148
386 149
387 150
387 151
387 151
388 152
388 153
388 154
389 155
389 156
389 156
390 157
390 158
390 159
391 160
391 161
391 162
392 163
392 164
392 165
393 166
393 167
393 168
394 169
394 170
394 171
395 172
395 174
395 175
396 176
396 177
397 178
397 179
397 181
398 182
398 183
398 185
399 186
399 187
400 189
